20170926	53.3	0
20170927	52.48	2293
20170928	53.15	4263
20170929	52.99	3315
20171009	54.5	6220
20171010	55.5	8920
20171011	56.32	9636
20171012	55.5	8726
20171013	54.72	6874
20171016	56.4	10578
20171017	52.9	2821
20171018	50.01	160
20171019	49.58	0
20171020	49.3	0
20171023	50.3	779
20171024	50.12	462
20171025	50.1	326
20171026	51		1412
20171027	50.42	1070
20171030	50		53
20171031	52.23	1875
20171101	53.6	5495
20171102	53.25	4599
20171103	56.5	12116
20171106	57.11	12875
20171107	58.61	15531
20171108	60.15	22231
20171109	59.31	18132
20171110	59.95	21066
20171113	58		14282
20171114	65.5	54570
20171115	66		58765
20171116	65.19	53462
20171117	67.36	70592
20171120	68		74145
20171121	70.25	82237
20171122	70.7	84300
20171123	69.6	80025
20171124	66.8	66036
20171127	63.51	48809
20171128	62		38669
20171129	66.5	62742
20171130	65.06	49715
20171201	65.98	58181
20171204	68.95	76365
20171205	67		67726
20171206	62.93	45238
20171207	62.85	44731
20171208	61.69	28861
20171211	60.45	23937
20171212	62.4	40263
20171213	61.97	33913
20171214	62		37885
20171215	61.97	34207
20171218	62.52	41502
20171219	58.74	16625
20171220	59.91	19624
20171221	61		25503
20171222	61.78	30934
20171225	61.5	27155