20170926|53.3|0
20170927|52.48|237
20170928|53.15|10423
20170929|52.99|321
20171009|54.5|591
20171010|55.5|906
20171011|56.32|41019
20171012|55.5|808
20171013|54.72|30793
20171016|56.4|11005
20171017|52.9|241
20171018|50.01|10
20171019|49.58|0
20171020|49.3|0
20171023|50.3|10079
20171024|50.12|55
20171025|50.1|25
20171026|51|40165
20171027|50.42|97
20171030|50|2
20171031|52.23|152
20171101|53.6|10502
20171102|53.25|487
20171103|56.5|1264
20171106|57.11|1261
20171107|58.61|1572
20171108|60.15|12241
20171109|59.31|31984
20171110|59.95|12033
20171113|58|1271
20171114|65.5|5525
20171115|66|15986
20171116|65.19|4946
20171117|67.36|6663
20171120|68|7097
20171121|70.25|8412
20171122|70.7|49092
20171123|69.6|7454
20171124|66.8|6522
20171127|63.51|4901
20171128|62|4006
20171129|66.5|16239
20171130|65.06|5061
20171201|65.98|5760
20171204|68.95|48157
20171205|67|6893
20171206|62.93|4605
20171207|62.85|4310
20171208|61.69|3002
20171211|60.45|2317
20171212|62.4|13824
20171213|61.97|33049
20171214|62|13985
20171215|61.97|33645
20171218|62.52|13898
20171219|58.74|1810
20171220|59.91|2022
20171221|61|2544
20171222|61.78|13005
20171225|61.5|2816