691|673369|2|10|9|6|3|1|4|7|5|8
692|673370|1|9|3|6|10|2|7|4|8|5
693|673371|3|5|2|10|7|4|6|8|9|1
694|673372|6|8|4|3|1|10|5|7|9|2
695|673373|10|7|3|2|6|8|1|5|4|9
696|673374|9|5|2|10|7|8|1|6|4|3
697|673375|3|1|5|9|7|8|6|2|4|10
698|673376|2|6|1|7|4|3|8|10|5|9
699|673377|1|10|4|5|3|6|8|2|7|9
700|673378|7|3|8|4|1|9|2|10|6|5
701|673379|2|7|8|6|10|3|5|4|9|1
702|673380|3|5|1|10|6|4|9|2|7|8
703|673381|1|2|4|3|8|10|9|5|6|7
704|673382|2|8|9|6|1|10|3|4|7|5
705|673383|2|1|8|9|4|7|5|10|6|3
706|673384|1|2|6|9|4|3|5|7|10|8
707|673385|1|4|6|9|3|10|8|5|7|2
708|673386|9|2|8|1|4|7|6|5|10|3
709|673387|10|7|1|8|3|5|6|9|2|4
710|673388|6|8|1|2|3|5|4|9|10|7
711|673389|2|7|3|1|9|6|10|8|4|5
712|673390|4|7|5|10|1|8|3|2|9|6
713|673391|6|5|1|9|10|8|3|2|7|4
714|673392|2|10|1|9|8|4|7|5|3|6
715|673393|10|7|8|2|3|1|9|6|5|4
716|673394|7|6|9|2|1|4|10|8|5|3
717|673395|10|3|4|5|6|1|9|2|7|8
718|673396|9|2|7|3|8|6|4|5|1|10
719|673397|5|3|7|9|4|10|2|6|1|8
720|673398|2|6|9|4|1|7|10|3|8|5
721|673399|3|4|8|10|1|9|5|2|7|6
722|673400|9|5|6|3|7|4|8|10|1|2
723|673401|8|2|1|4|6|9|7|5|3|10
724|673402|7|5|3|10|9|2|8|4|1|6
725|673403|4|7|10|3|8|1|2|9|6|5
726|673404|5|8|6|2|9|4|7|3|10|1
727|673405|6|10|5|3|9|4|8|7|2|1
728|673406|5|8|2|10|9|7|1|4|3|6
729|673407|3|5|10|1|2|7|6|4|8|9
730|673408|1|3|8|6|9|4|10|7|5|2
731|673409|6|4|3|8|7|1|5|9|10|2
732|673410|10|6|7|8|5|3|4|1|2|9
733|673411|3|1|4|9|5|7|10|2|8|6
734|673412|4|10|7|2|5|6|9|8|3|1
735|673413|4|2|6|10|8|5|1|7|9|3
736|673414|6|10|9|2|3|1|4|8|5|7
737|673415|8|2|7|10|6|9|1|5|4|3
738|673416|5|6|7|1|4|10|2|8|3|9
739|673417|7|5|9|4|1|8|2|6|10|3
740|673418|2|5|7|9|10|3|6|4|1|8
741|673419|9|6|1|10|8|7|5|2|3|4
742|673420|5|3|8|7|1|2|4|10|9|6
743|673421|3|7|4|9|5|8|6|10|2|1
744|673422|7|3|1|8|2|10|5|9|6|4
745|673423|6|2|7|9|10|3|5|4|8|1
746|673424|9|6|2|8|5|1|10|7|3|4
747|673425|8|9|4|5|10|7|3|6|2|1
748|673426|3|5|8|1|9|6|10|2|4|7
749|673427|4|8|10|1|9|2|6|5|3|7
750|673428|1|4|5|9|6|10|7|2|3|8
751|673429|10|8|9|6|4|1|7|3|2|5
752|673430|10|8|6|5|7|2|9|1|3|4
753|673431|8|6|9|7|2|10|5|3|4|1
754|673432|1|2|10|9|6|4|8|3|7|5
755|673433|5|3|7|10|2|6|4|8|1|9
756|673434|8|4|1|5|9|10|7|3|2|6
757|673435|5|2|6|1|9|3|4|7|10|8
758|673436|7|4|5|10|1|2|8|6|9|3
759|673437|5|2|4|9|7|6|3|8|1|10
760|673438|7|10|8|5|1|6|4|9|2|3
761|673439|7|1|8|4|2|10|9|6|5|3
762|673440|3|5|1|4|9|2|6|10|7|8
763|673441|8|1|5|7|9|3|2|6|4|10
764|673442|7|4|10|6|1|8|5|3|2|9
765|673443|4|5|2|6|9|8|7|1|3|10
766|673444|6|9|7|4|2|1|3|5|8|10
767|673445|1|10|4|3|9|8|6|2|7|5
768|673446|7|6|2|3|9|10|4|1|8|5
769|673447|6|9|1|3|4|8|10|7|2|5
770|673448|9|4|6|2|3|1|10|8|5|7
771|673449|2|6|7|8|9|3|4|5|1|10
772|673450|2|9|10|5|1|3|7|4|8|6
773|673451|6|9|4|7|1|5|3|10|8|2
774|673452|6|8|3|2|5|1|4|7|10|9
775|673453|1|10|3|7|6|9|4|5|2|8
776|673454|10|8|6|3|5|2|7|4|1|9
777|673455|5|7|9|4|6|10|3|8|2|1
778|673456|4|3|6|5|2|10|9|8|7|1
779|673457|9|4|5|2|1|8|3|7|10|6
780|673458|2|4|7|5|9|8|10|1|6|3
781|673459|3|5|8|4|10|7|9|1|2|6
782|673460|7|2|6|10|9|8|5|4|3|1
783|673461|1|5|10|4|8|9|3|7|2|6
784|673462|1|6|9|4|2|3|7|10|5|8
785|673463|4|1|2|8|6|7|3|9|5|10
786|673464|7|1|5|3|8|6|2|4|10|9
787|673465|3|2|7|4|10|5|9|1|6|8
788|673466|5|10|3|8|7|9|6|4|2|1
789|673467|5|8|1|7|10|9|2|6|3|4
790|673468|1|7|9|4|5|3|6|8|10|2
791|673469|5|9|6|2|7|1|8|3|4|10
792|673470|2|4|3|6|10|1|7|9|5|8
793|673471|10|8|1|3|9|2|4|7|6|5
794|673472|8|3|10|6|9|2|5|4|1|7
795|673473|8|3|6|5|4|10|9|1|2|7
796|673474|6|5|2|1|9|10|7|8|4|3
797|673475|4|7|10|9|1|5|3|2|6|8
798|673476|10|9|1|8|2|7|5|3|4|6
799|673477|2|8|7|9|3|6|10|5|4|1
800|673478|1|8|6|3|10|2|9|7|4|5
801|673479|7|10|8|6|4|9|1|5|3|2
802|673480|7|9|4|2|10|8|5|6|3|1
803|673481|9|1|6|8|10|4|5|3|2|7
804|673482|7|4|10|8|1|6|5|2|9|3
805|673483|2|8|7|5|1|6|4|9|10|3
806|673484|9|6|5|7|4|1|10|2|8|3
807|673485|2|5|3|8|6|7|1|10|4|9
808|673486|7|6|1|9|8|4|3|2|5|10
809|673487|6|5|2|3|9|8|7|1|10|4
810|673488|8|5|1|9|3|10|4|7|6|2
811|673489|4|2|6|10|1|9|8|5|7|3
812|673490|7|1|8|3|9|2|6|10|5|4
813|673491|8|2|7|9|1|4|6|5|3|10
814|673492|6|8|9|2|10|5|4|3|7|1
815|673493|6|1|8|5|4|3|10|2|9|7
816|673494|9|6|3|5|7|4|10|1|2|8
817|673495|9|4|1|2|6|8|10|5|7|3
818|673496|3|1|5|2|6|8|7|9|4|10
819|673497|1|7|8|2|10|6|9|4|5|3
820|673498|9|5|2|7|6|3|10|4|1|8
821|673499|5|2|3|4|6|8|7|10|9|1
822|673500|3|9|2|10|7|8|1|5|6|4
823|673501|10|9|7|6|2|5|4|3|8|1
824|673502|3|1|9|8|6|2|5|10|7|4
825|673503|1|9|10|6|8|5|3|7|2|4
826|673504|8|5|7|10|1|3|9|6|2|4
827|673505|8|4|9|5|6|7|3|1|2|10
828|673506|2|3|6|1|8|7|4|5|10|9
829|673507|4|3|1|9|6|2|10|8|5|7
830|673508|1|5|10|7|4|2|3|9|6|8
831|673509|7|10|2|5|4|9|6|3|8|1
832|673510|7|9|1|5|3|6|10|4|2|8
833|673511|2|8|3|4|5|6|1|7|9|10
834|673512|2|1|3|10|9|5|7|8|4|6
835|673513|9|7|5|1|8|3|6|10|2|4
836|673514|8|1|5|10|7|3|2|6|9|4
837|673515|2|9|4|6|1|5|7|3|8|10
838|673516|8|9|2|4|3|1|7|5|10|6
839|673517|2|10|3|5|7|9|6|8|1|4
840|673518|5|2|7|10|8|4|9|3|6|1
841|673519|6|1|7|2|3|9|10|4|8|5
842|673520|9|10|6|2|5|3|1|7|8|4
843|673521|9|8|2|1|10|5|3|7|4|6
844|673522|3|6|9|2|1|8|4|10|7|5
845|673523|6|4|10|1|2|9|8|7|3|5
846|673524|1|6|10|4|2|5|3|9|7|8
847|673525|6|8|5|4|1|7|10|2|3|9
848|673526|8|2|5|6|3|7|10|4|9|1
849|673527|7|10|3|9|2|6|1|5|8|4
850|673528|4|1|9|2|10|6|7|8|3|5
851|673529|5|2|1|3|10|8|7|6|9|4
852|673530|8|2|10|5|7|9|6|4|1|3
853|673531|5|8|6|3|2|10|7|9|1|4
854|673532|4|9|8|2|10|7|5|6|3|1
855|673533|6|2|8|3|7|4|9|1|5|10
856|673534|6|9|5|7|2|4|8|10|3|1
857|673535|7|10|4|8|3|2|9|6|1|5
858|673536|2|7|8|3|9|6|4|1|10|5
859|673537|8|2|5|9|10|1|6|4|3|7
860|673538|4|2|7|3|10|9|1|8|6|5
861|673539|10|2|9|4|7|1|6|3|8|5
862|673540|5|1|8|9|6|4|10|2|3|7
863|673541|9|10|6|5|7|4|8|3|1|2
864|673542|6|2|7|5|3|10|8|4|9|1
865|673543|1|10|9|3|8|7|6|4|5|2
866|673544|10|5|3|8|4|9|2|1|7|6
867|673545|4|5|3|8|10|1|2|7|9|6
868|673546|1|5|3|9|4|2|6|8|7|10
869|673547|9|3|8|2|4|7|1|5|6|10
870|673548|7|4|6|8|10|3|2|9|1|5
871|673549|9|2|4|10|7|5|6|8|1|3
872|673550|6|1|7|3|9|8|10|4|5|2
873|673551|9|8|4|3|2|6|7|5|10|1
874|673552|1|9|8|2|4|3|7|5|10|6
875|673553|5|6|10|9|2|3|7|4|8|1
876|673554|8|7|10|1|6|3|4|2|5|9
877|673555|4|7|6|2|5|3|1|8|10|9
878|673556|1|8|9|4|10|3|5|6|7|2
879|673557|1|5|4|8|10|7|3|6|9|2
880|673558|1|8|4|3|5|2|9|7|6|10
881|673559|9|8|3|6|10|1|2|4|7|5
882|673560|6|3|1|10|9|2|7|8|5|4
883|673561|1|9|7|5|3|4|8|2|6|10
884|673562|3|7|4|2|6|5|1|8|9|10
885|673563|5|7|8|2|4|1|6|3|10|9
886|673564|8|6|10|7|2|5|1|3|4|9
887|673565|1|9|6|10|3|7|5|2|4|8
888|673566|3|8|9|4|2|10|1|6|7|5
889|673567|9|8|7|2|3|10|4|6|1|5
890|673568|1|7|5|3|9|6|10|8|2|4
891|673569|9|1|8|6|2|5|10|4|7|3
892|673570|3|9|4|10|1|7|2|5|6|8
893|673571|7|4|9|1|10|8|6|3|2|5
894|673572|9|3|4|7|2|5|10|1|8|6
895|673573|5|7|10|9|2|6|4|8|3|1
896|673574|3|6|2|5|8|9|4|7|10|1
897|673575|3|5|2|4|8|6|9|10|1|7
898|673576|9|2|5|6|7|1|8|4|10|3
899|673577|2|3|1|5|4|9|7|8|10|6
900|673578|9|4|7|10|5|6|2|1|3|8
901|673579|2|5|6|7|4|10|1|9|8|3
902|673580|6|10|3|4|1|5|2|9|7|8
903|673581|10|2|1|4|5|6|7|9|3|8
904|673582|6|8|4|2|9|7|3|10|5|1
905|673583|7|2|5|8|6|3|4|10|1|9
906|673584|5|10|3|2|6|4|9|8|1|7
907|673585|7|6|3|5|10|2|4|9|8|1
908|673586|8|1|5|10|7|9|2|3|4|6
909|673587|10|9|7|1|3|4|8|5|2|6
910|673588|9|6|2|3|7|1|4|10|8|5
911|673589|7|8|3|4|9|10|2|1|6|5
912|673590|5|6|9|8|1|4|7|10|2|3
913|673591|6|3|1|9|7|4|8|10|2|5
914|673592|9|7|4|10|5|1|2|6|3|8
915|673593|3|8|5|1|6|2|4|7|9|10
916|673594|6|8|10|7|4|3|5|2|1|9
917|673595|2|6|4|10|3|9|1|8|7|5
918|673596|7|8|3|5|6|2|1|4|9|10
919|673597|4|6|7|10|5|2|1|8|3|9
920|673598|10|4|8|6|5|1|3|2|7|9
921|673599|3|8|9|1|10|4|2|5|6|7
922|673600|1|2|9|3|8|4|10|5|6|7
923|673601|6|4|7|3|5|2|9|10|1|8
924|673602|3|8|6|4|9|1|7|5|2|10
925|673603|9|8|3|7|2|10|5|6|4|1
926|673604|7|6|4|8|9|10|3|2|1|5
927|673605|6|3|5|7|4|10|8|2|9|1
928|673606|7|5|9|6|10|3|8|4|1|2
929|673607|6|1|8|2|4|3|7|5|9|10
930|673608|5|6|10|8|3|7|9|1|4|2
931|673609|8|9|6|3|5|4|2|1|7|10
932|673610|5|1|2|7|8|3|9|4|10|6
933|673611|3|6|9|2|5|8|4|7|10|1
934|673612|8|3|7|5|10|2|4|9|1|6
935|673613|10|4|3|6|9|2|5|8|7|1
936|673614|9|7|8|5|3|2|1|6|10|4
937|673615|8|4|7|5|2|10|6|9|3|1
938|673616|7|6|8|10|2|3|1|9|5|4
939|673617|3|10|9|5|8|6|4|2|1|7
940|673618|3|8|1|2|5|4|10|6|9|7
941|673619|5|4|1|3|6|9|8|10|7|2
942|673620|10|7|1|9|6|8|4|3|5|2
943|673621|9|6|7|3|2|10|1|5|8|4
944|673622|9|5|1|6|7|4|2|8|3|10
945|673623|10|3|5|1|6|2|7|4|9|8
946|673624|4|7|5|8|3|9|2|1|10|6
947|673625|9|1|8|7|6|3|10|2|4|5
948|673626|3|5|7|4|2|1|10|6|9|8
950|673627|3|8|2|7|1|4|10|5|9|6
949|673628|6|9|7|8|3|1|5|10|4|2
951|673629|4|3|1|2|9|8|7|5|10|6
952|673630|9|8|2|7|4|1|6|3|5|10
953|673631|2|5|4|10|6|7|9|1|3|8
954|673632|6|9|5|10|3|2|8|4|1|7
955|673633|3|5|7|8|2|1|4|10|9|6
956|673634|3|10|6|1|8|7|9|2|5|4
957|673635|8|5|10|3|6|1|7|4|9|2
958|673636|3|6|2|8|9|7|10|1|5|4
959|673637|7|9|10|8|1|2|3|4|6|5
960|673638|10|1|7|9|3|2|5|4|8|6
961|673639|1|8|5|10|2|4|6|7|9|3
962|673640|10|1|8|2|6|4|5|9|3|7
963|673641|6|5|10|9|1|8|4|7|2|3
964|673642|6|8|4|3|5|9|2|10|1|7
965|673643|8|1|6|5|7|9|10|4|3|2
966|673644|10|3|1|2|5|6|7|4|9|8
967|673645|5|4|9|2|1|7|10|3|8|6
968|673646|5|8|1|6|4|9|10|3|2|7
969|673647|4|5|7|9|10|2|6|1|3|8
970|673648|2|1|3|4|7|6|8|5|10|9
971|673649|6|4|7|1|3|9|5|10|2|8
972|673650|3|8|9|5|1|10|4|2|6|7
973|673651|2|5|9|8|7|10|1|3|6|4
974|673652|1|6|7|8|4|10|3|9|5|2
975|673653|2|3|10|6|7|1|9|8|5|4
976|673654|4|10|5|6|8|3|7|1|9|2
977|673655|9|8|10|6|2|3|1|7|4|5
978|673656|1|10|4|3|6|7|8|9|2|5
979|673657|10|2|7|4|9|5|1|6|3|8
980|673658|9|5|6|8|7|3|4|2|10|1
981|673659|2|6|9|3|10|5|7|1|8|4
982|673660|5|9|7|10|2|3|6|4|8|1
983|673661|3|9|5|4|8|6|2|1|10|7
984|673662|4|8|2|6|3|5|1|10|7|9
985|673663|3|8|6|7|4|1|2|9|5|10
986|673664|5|2|9|10|1|3|7|8|6|4
987|673665|2|5|1|7|3|4|6|10|8|9
988|673666|1|6|7|10|3|4|8|9|5|2
989|673667|9|6|5|10|1|3|7|8|2|4
990|673668|3|1|8|2|5|10|6|9|7|4
991|673669|10|4|9|8|1|2|5|3|7|6
992|673670|6|4|7|2|5|10|3|8|1|9
993|673671|10|7|3|9|1|4|6|5|8|2
994|673672|1|6|10|2|8|9|5|3|7|4
995|673673|6|5|2|1|9|7|3|4|10|8
996|673674|1|3|10|7|2|5|8|4|9|6
997|673675|5|8|10|6|2|4|9|7|1|3
998|673676|6|1|4|8|3|10|5|9|2|7
999|673677|6|10|1|7|3|8|4|2|9|5
1000|673678|7|1|6|4|5|2|3|8|10|9
1001|673679|9|5|6|8|7|4|10|3|2|1
1002|673680|3|9|8|5|7|6|1|2|10|4
1003|673681|8|3|1|10|5|2|7|4|6|9
1004|673682|9|3|1|2|8|6|7|5|10|4
1005|673683|9|10|1|8|2|4|7|6|3|5
1006|673684|6|4|8|10|5|2|9|7|1|3
1007|673685|4|5|1|6|10|2|7|3|9|8
1008|673686|10|6|9|3|7|1|5|8|4|2
1009|673687|7|1|8|5|4|6|3|10|9|2
1010|673688|4|1|3|9|2|6|10|5|8|7
1011|673689|6|10|5|3|8|2|1|9|7|4
1012|673690|5|8|7|4|9|2|3|10|1|6
1013|673691|9|7|5|4|6|1|3|10|8|2
1014|673692|4|9|2|1|5|7|8|6|10|3
1015|673693|9|3|8|4|1|10|7|6|5|2
1016|673694|8|2|1|3|7|10|5|9|4|6
1017|673695|7|4|2|6|1|10|3|8|5|9
1018|673696|5|8|7|4|6|2|9|3|10|1
1019|673697|8|2|3|4|7|9|10|1|5|6
1020|673698|7|9|5|4|8|6|3|2|10|1
1021|673699|5|10|1|2|7|9|4|8|6|3
1022|673700|3|10|5|1|8|7|4|6|2|9
1023|673701|7|8|4|1|10|5|3|6|2|9
1024|673702|7|6|8|2|4|1|10|3|5|9
1025|673703|9|2|10|7|6|8|1|5|3|4
1026|673704|9|8|2|1|10|5|6|3|4|7
1027|673705|6|3|9|2|7|1|8|5|10|4
1028|673706|3|5|1|8|4|9|6|10|2|7
1029|673707|6|9|8|4|5|1|2|3|7|10
1030|673708|4|8|3|5|7|2|10|1|6|9
1031|673709|5|4|1|6|9|8|10|2|7|3
1032|673710|7|4|10|2|8|3|9|5|1|6
1033|673711|8|9|5|3|6|7|1|2|4|10
1034|673712|9|7|5|8|10|4|6|2|3|1
1035|673713|6|5|3|2|10|8|7|1|9|4
1036|673714|10|9|7|3|5|8|6|4|2|1
1037|673715|8|6|4|2|7|5|10|1|9|3
1038|673716|8|9|6|1|5|2|3|10|7|4
1039|673717|9|1|3|4|2|7|8|10|5|6
1040|673718|8|9|10|1|3|4|6|5|7|2
1041|673719|3|5|1|4|8|10|9|7|6|2
1042|673720|1|4|9|8|3|6|10|7|2|5
1043|673721|6|5|10|1|2|9|7|3|8|4
1044|673722|3|4|7|1|2|9|5|10|6|8
1045|673723|5|10|9|8|6|2|1|7|4|3
1046|673724|8|2|4|7|9|5|3|10|1|6
1047|673725|4|8|5|3|1|2|6|7|9|10
1048|673726|5|2|8|9|3|6|10|4|7|1
1049|673727|7|4|3|2|9|6|5|1|10|8
1050|673728|3|5|7|8|1|2|6|10|4|9
1051|673729|2|9|10|6|4|7|5|8|1|3
1052|673730|5|2|3|4|7|6|9|10|1|8
1053|673731|10|6|2|9|5|4|7|1|8|3
1054|673732|2|8|10|4|1|3|6|7|9|5
1055|673733|2|7|4|5|6|10|8|9|1|3
1056|673734|3|7|10|1|5|2|4|8|9|6
1057|673735|5|6|4|2|8|7|3|10|9|1
1058|673736|7|8|4|5|3|10|1|9|6|2
1059|673737|1|10|7|4|5|8|3|6|2|9
1060|673738|2|4|8|5|10|1|9|3|6|7
1061|673739|1|9|2|3|4|5|10|7|6|8
1062|673740|3|5|1|2|6|7|4|8|10|9
1063|673741|2|8|7|4|6|10|1|5|3|9
1064|673742|2|3|8|5|9|10|7|1|6|4
1065|673743|5|9|7|3|6|10|2|1|4|8
1066|673744|1|10|2|9|3|7|6|5|4|8
1067|673745|9|8|3|10|1|6|5|2|7|4
1068|673746|1|2|5|3|6|4|9|7|10|8
1069|673747|3|9|4|5|8|1|6|7|2|10
1070|673748|4|9|6|5|7|1|10|3|8|2
1071|673749|10|4|5|3|8|1|9|2|7|6
1072|673750|5|3|2|10|9|4|8|7|1|6
1073|673751|2|10|3|4|8|1|9|7|5|6
1074|673752|9|2|4|3|6|1|10|8|5|7
1075|673753|10|7|3|6|4|8|5|1|9|2
1076|673754|8|9|4|3|2|1|5|10|7|6
1077|673755|5|4|2|1|9|10|8|3|6|7
1078|673756|5|9|4|7|3|8|10|6|2|1
1079|673757|8|5|9|2|1|6|7|10|4|3
1080|673758|1|7|9|4|2|10|8|3|6|5
1081|673759|4|6|10|7|3|1|8|5|9|2
1082|673760|5|10|2|4|6|9|1|7|8|3
1083|673761|10|1|4|8|9|2|7|6|3|5
1084|673762|3|4|7|6|5|2|9|10|1|8
1085|673763|10|8|3|9|5|7|6|2|4|1
1086|673764|8|2|1|10|6|7|3|9|5|4
1087|673765|3|10|9|8|7|1|2|6|4|5
1088|673766|8|1|2|7|4|10|6|3|9|5
1089|673767|6|7|5|10|2|9|1|8|3|4
1090|673768|8|5|3|4|10|2|1|7|6|9
1091|673769|7|2|1|6|3|10|5|8|4|9
1092|673770|9|2|3|1|4|5|6|8|7|10
1093|673771|5|4|10|8|7|6|1|2|3|9
1094|673772|1|6|3|9|7|10|8|5|4|2
1095|673773|6|8|7|5|2|4|3|9|1|10
1096|673774|9|4|10|3|6|7|8|1|5|2
1097|673775|3|10|5|2|7|1|6|8|9|4
1098|673776|5|10|9|8|1|4|3|2|7|6
1099|673777|5|10|1|2|9|3|6|4|8|7
1100|673778|2|3|8|7|9|10|6|4|1|5
1101|673779|7|4|10|1|2|3|9|5|8|6
1102|673780|9|5|3|8|7|4|2|6|10|1
1103|673781|6|3|1|8|9|10|4|7|2|5
1104|673782|5|7|2|10|3|8|9|4|6|1
1105|673783|10|8|9|7|3|4|2|1|5|6
1106|673784|2|1|6|3|5|4|10|9|7|8
1107|673785|10|9|8|5|4|1|2|7|6|3
1108|673786|10|8|3|9|1|7|2|6|4|5
1109|673787|4|9|7|2|3|6|5|10|8|1
1110|673788|2|7|8|5|10|3|9|6|1|4
1111|673789|4|9|6|8|1|10|7|2|3|5
1112|673790|6|8|9|1|5|7|3|2|4|10
1113|673791|5|4|9|3|6|2|8|7|1|10
1114|673792|8|6|1|5|3|2|9|4|10|7
1115|673793|10|9|7|5|6|2|4|1|8|3
1116|673794|2|9|5|7|6|1|10|4|3|8
1117|673795|2|9|3|8|7|5|4|6|1|10
1118|673796|3|8|5|10|1|6|4|2|7|9
1119|673797|3|7|6|2|8|5|9|10|1|4
1120|673798|5|10|8|2|4|1|7|6|9|3
1121|673799|6|8|5|10|3|9|2|4|7|1
1122|673800|3|6|4|9|7|1|2|8|5|10
1123|673801|10|8|5|1|6|3|4|9|7|2
1124|673802|5|4|10|3|2|9|1|6|7|8
1125|673803|5|3|2|8|10|6|4|7|9|1
1126|673804|6|4|2|7|1|8|10|9|3|5
1127|673805|4|10|1|7|2|6|5|9|8|3
1128|673806|8|9|1|3|10|5|4|2|7|6
1129|673807|10|6|7|1|5|9|2|4|8|3
1130|673808|1|6|7|9|3|5|10|2|8|4
1131|673809|1|6|8|3|5|7|9|4|10|2
1132|673810|3|5|10|1|8|2|7|6|4|9
1133|673811|6|10|7|8|4|3|1|5|2|9
1134|673812|9|8|2|6|10|3|7|5|1|4
1135|673813|7|4|9|2|3|10|5|8|6|1
1136|673814|2|7|3|9|5|1|8|10|4|6
1137|673815|2|8|10|7|4|9|5|1|3|6
1138|673816|4|5|9|6|3|10|7|2|1|8
1139|673817|7|9|1|2|6|3|10|5|4|8
1140|673818|8|7|4|9|5|6|10|1|3|2
1141|673819|7|6|3|9|8|5|4|10|2|1
1142|673820|9|7|8|6|10|5|3|1|4|2
1143|673821|6|3|2|4|5|1|10|7|9|8
1144|673822|4|2|10|1|8|3|5|7|6|9
1145|673823|10|1|9|8|4|2|3|6|7|5
1146|673824|5|6|7|3|8|9|1|10|4|2
1147|673825|9|4|5|8|7|2|3|10|6|1
1148|673826|4|9|10|1|6|5|3|8|2|7
1149|673827|10|6|8|3|7|4|2|1|5|9
1150|673828|7|2|5|3|10|9|4|8|1|6
1151|673829|7|2|4|3|9|5|6|10|8|1
1152|673830|7|8|2|5|9|3|10|4|1|6
1153|673831|7|3|8|6|2|4|5|1|10|9
1154|673832|9|4|10|6|5|8|2|7|1|3
1155|673833|1|10|7|3|2|4|6|5|9|8
1156|673834|1|10|2|3|5|6|8|9|4|7
1157|673835|9|3|6|5|1|8|7|10|4|2
1158|673836|2|10|5|1|7|6|9|4|3|8
1159|673837|2|10|5|7|9|8|6|4|3|1
1160|673838|8|9|10|4|7|2|1|5|3|6
1161|673839|6|3|2|10|7|1|4|9|8|5
1162|673840|9|1|3|10|7|5|2|6|8|4
1163|673841|3|1|2|4|7|8|9|5|6|10
1164|673842|9|7|6|1|2|5|3|4|8|10
1165|673843|8|1|9|2|4|7|6|10|5|3
1166|673844|5|2|9|3|4|1|7|10|6|8
1167|673845|7|3|10|5|2|6|8|4|9|1
1168|673846|8|6|2|1|7|10|3|4|9|5
1169|673847|1|8|2|5|4|6|9|10|3|7
1170|673848|6|2|1|3|9|10|8|4|5|7
1171|673849|1|9|10|8|3|5|2|7|6|4
1172|673850|5|9|1|3|10|6|2|4|7|8
1173|673851|3|8|6|4|5|9|1|7|10|2
1174|673852|5|6|9|4|7|10|8|2|1|3
1175|673853|6|4|9|1|7|8|3|5|2|10
1176|673854|5|9|3|2|10|4|7|8|6|1
1177|673855|9|1|8|5|6|4|3|7|10|2
1178|673856|9|5|6|1|8|7|4|2|3|10
1179|673857|8|10|5|2|7|3|4|9|6|1
1180|673858|3|8|6|1|9|7|10|2|4|5
1181|673859|3|7|10|4|8|9|1|5|2|6
1182|673860|9|8|7|1|6|3|4|2|10|5
1183|673861|8|6|3|5|2|10|4|7|1|9
1184|673862|2|1|5|10|8|4|3|7|9|6
1185|673863|9|1|10|7|3|4|5|8|2|6
1186|673864|5|10|3|6|2|9|4|1|7|8
1187|673865|10|2|7|6|5|3|9|1|8|4
1188|673866|6|8|5|10|9|7|1|2|4|3
1189|673867|8|1|4|3|10|5|2|9|6|7
1190|673868|8|7|1|2|5|4|6|9|3|10
1191|673869|9|8|6|5|3|2|1|10|4|7
1192|673870|10|7|2|3|8|1|5|9|6|4
1193|673871|6|8|4|7|10|2|3|5|1|9
1194|673872|7|9|2|8|10|4|6|5|1|3
1195|673873|3|8|10|7|4|6|9|2|5|1
1196|673874|10|5|8|7|9|3|6|1|2|4
1197|673875|8|4|1|3|2|9|10|7|6|5
1198|673876|2|9|6|10|8|3|1|5|4|7
1199|673877|2|8|9|4|1|3|10|6|7|5
1200|673878|3|6|7|9|4|5|1|8|2|10
1201|673879|9|3|6|10|2|1|5|8|7|4
1202|673880|7|3|6|8|10|5|9|2|1|4
1203|673881|8|10|4|7|3|2|5|1|6|9
1204|673882|3|2|5|9|7|4|8|1|10|6
1205|673883|3|4|7|5|2|10|6|1|9|8
1206|673884|9|7|4|3|1|6|10|5|2|8
1207|673885|10|7|1|9|6|5|3|8|2|4
1208|673886|7|4|6|2|8|5|10|9|1|3
1209|673887|7|3|1|4|5|10|6|2|8|9
1210|673888|2|6|7|8|4|3|9|10|1|5
1211|673889|4|8|3|7|9|10|1|6|2|5
1212|673890|6|10|5|4|1|9|7|2|3|8
1213|673891|6|5|2|4|1|9|7|3|8|10
1214|673892|5|4|9|1|8|7|2|10|6|3
1215|673893|2|10|7|6|1|4|3|5|9|8
1216|673894|10|6|7|9|5|4|3|1|2|8
1217|673895|3|7|9|1|10|6|5|8|2|4
1218|673896|7|1|4|8|2|9|5|3|10|6
1219|673897|4|7|6|8|9|10|3|1|5|2
1220|673898|8|2|7|4|3|9|5|6|1|10
1221|673899|10|7|3|9|4|1|8|2|5|6
1222|673900|5|4|8|9|6|3|10|7|2|1
1223|673901|4|3|1|6|5|8|9|2|10|7
1224|673902|1|8|2|6|4|10|9|5|3|7
1225|673903|4|10|7|3|8|9|6|5|2|1
1226|673904|4|2|6|8|7|9|3|10|5|1
1227|673905|8|3|6|7|4|1|5|10|2|9
1228|673906|1|10|8|3|9|4|6|7|2|5
1229|673907|2|7|8|1|4|5|9|3|6|10
1230|673908|2|5|9|1|7|10|3|4|8|6
1231|673909|3|7|6|8|2|10|9|1|4|5
1232|673910|2|6|8|1|4|5|10|9|7|3
1233|673911|4|10|2|3|6|8|5|1|9|7
1234|673912|6|8|2|1|3|4|5|7|9|10
1235|673913|1|9|7|4|10|8|2|3|6|5
1236|673914|6|8|2|3|9|5|10|7|4|1
1237|673915|3|2|8|1|7|5|6|4|9|10
1238|673916|4|1|3|5|8|10|2|9|7|6
1239|673917|3|9|8|4|2|7|10|1|5|6
1240|673918|6|8|10|7|2|1|9|4|3|5
1241|673919|3|7|10|6|4|8|5|1|2|9
1242|673920|3|6|8|7|1|4|10|9|2|5
1243|673921|2|3|4|6|10|9|7|1|5|8
1244|673922|1|4|9|8|7|6|10|5|3|2
1245|673923|10|3|2|6|7|5|4|9|8|1
1246|673924|6|5|2|3|10|9|4|7|8|1
1247|673925|8|6|2|10|5|3|1|7|4|9
1248|673926|4|9|7|3|10|8|2|1|6|5
1249|673927|7|8|1|6|3|5|2|10|4|9
1250|673928|10|1|2|7|4|9|5|3|8|6
1251|673929|4|9|7|8|1|3|2|5|10|6
1252|673930|3|1|10|4|2|7|6|9|5|8
1253|673931|4|8|7|10|9|3|2|5|1|6
1254|673932|8|1|2|9|3|7|5|4|6|10
1255|673933|5|4|10|6|3|7|2|8|1|9
1256|673934|9|4|6|3|5|10|2|1|7|8
1257|673935|8|2|10|7|5|9|6|3|1|4
1258|673936|1|6|2|8|10|9|7|5|3|4
1259|673937|3|9|8|10|4|2|7|6|5|1
1260|673938|9|6|2|7|8|4|3|1|5|10
1261|673939|10|5|4|9|2|1|6|8|3|7
1262|673940|10|3|2|1|9|6|7|8|4|5
1263|673941|10|2|9|7|1|4|6|5|8|3
1264|673942|2|10|4|5|7|8|9|6|1|3
1265|673943|9|3|6|1|4|10|8|7|2|5
1266|673944|2|1|9|4|3|8|5|10|7|6
1267|673945|2|5|10|8|9|1|4|7|6|3
1268|673946|9|5|8|2|10|6|1|7|3|4
1269|673947|5|4|1|9|7|2|3|10|8|6
1270|673948|7|5|6|2|3|4|10|8|9|1
1271|673949|9|5|1|3|7|6|4|10|2|8
1272|673950|10|8|3|4|1|6|9|2|5|7
1273|673951|1|2|7|8|6|5|3|4|9|10
1274|673952|5|2|7|4|9|6|1|3|8|10
1275|673953|2|1|8|5|3|7|9|4|6|10
1276|673954|1|6|9|3|4|10|7|2|5|8
1277|673955|1|7|6|5|3|4|9|8|2|10
1278|673956|4|7|1|9|5|10|8|3|6|2
1279|673957|1|9|8|7|4|2|6|10|3|5
1280|673958|9|4|5|1|8|10|3|6|7|2
1281|673959|5|3|6|2|10|7|9|1|8|4
1282|673960|5|8|1|9|4|7|10|3|6|2
1283|673961|5|9|10|4|1|7|6|3|8|2
1284|673962|3|1|6|7|5|8|10|9|2|4
1285|673963|3|1|2|5|10|6|4|8|9|7
1286|673964|2|3|7|10|6|9|5|1|4|8
1287|673965|5|6|9|2|10|4|7|3|1|8
1288|673966|5|8|9|3|1|7|6|10|4|2
1289|673967|3|4|2|6|5|8|9|7|1|10
1290|673968|3|1|4|7|2|5|9|6|10|8
1291|673969|5|3|1|6|10|4|9|7|8|2
1292|673970|2|1|8|7|9|5|10|3|4|6
1293|673971|3|6|2|4|5|10|1|8|7|9
1294|673972|2|10|1|7|3|6|5|4|9|8
1295|673973|10|1|6|4|5|8|3|9|2|7
1296|673974|1|3|10|8|9|7|5|6|4|2
1297|673975|7|4|9|10|6|3|2|5|8|1
1298|673976|7|2|9|5|10|6|1|8|4|3
1299|673977|8|2|5|6|4|10|1|9|3|7
1300|673978|8|9|10|7|3|6|4|2|1|5
1301|673979|1|2|9|8|5|10|4|3|6|7
1302|673980|5|7|9|6|8|3|10|2|1|4
1303|673981|2|5|7|10|1|6|4|8|9|3
1304|673982|9|5|8|1|10|7|3|4|6|2
1305|673983|7|10|5|1|8|9|3|6|2|4
1306|673984|6|2|1|8|10|9|5|4|7|3
1307|673985|10|9|2|1|8|5|6|7|3|4
1308|673986|10|3|8|7|6|1|4|9|2|5
1309|673987|9|7|8|5|10|1|4|6|2|3
1310|673988|5|2|6|9|8|1|3|10|7|4
1311|673989|4|9|5|8|1|10|6|7|2|3
1312|673990|8|5|10|6|7|4|9|3|1|2
1313|673991|9|3|7|2|4|1|6|10|5|8
1314|673992|7|3|8|6|10|4|5|9|2|1
1315|673993|5|7|10|2|4|6|8|3|9|1
1316|673994|1|10|5|3|4|9|7|2|8|6
1317|673995|8|10|1|6|9|2|3|4|7|5
1318|673996|7|9|5|6|10|4|8|1|2|3
1319|673997|4|7|10|8|1|9|2|5|3|6
1320|673998|2|4|10|9|1|8|6|3|5|7
1321|673999|8|2|5|7|6|3|10|9|1|4
1322|674000|2|9|4|8|7|3|6|5|10|1
1323|674001|10|6|1|2|7|8|4|5|3|9
1324|674002|1|9|6|7|10|8|2|3|4|5
1325|674003|2|1|6|4|7|5|3|9|10|8
1326|674004|3|10|8|4|2|5|6|1|9|7
1327|674005|10|3|7|1|9|6|5|4|8|2
1328|674006|1|8|6|7|4|9|10|5|2|3
1329|674007|8|9|7|4|2|6|1|10|3|5
1330|674008|7|4|9|5|2|1|10|3|6|8
1331|674009|2|5|3|8|10|9|1|6|4|7
1332|674010|3|7|6|9|10|5|1|2|4|8
1333|674011|1|9|4|8|6|10|5|7|2|3
1334|674012|4|8|3|9|6|10|5|2|7|1
1335|674013|1|7|6|8|9|10|2|3|4|5
1336|674014|1|5|8|4|3|9|2|10|6|7
1337|674015|2|3|9|4|6|7|10|5|8|1
1338|674016|9|10|6|8|1|3|4|2|7|5
1339|674017|4|1|8|6|3|9|5|7|2|10
1341|674018|6|8|4|5|2|1|7|10|9|3
1340|674019|3|10|6|1|5|8|9|7|4|2
1342|674020|5|2|10|8|1|7|9|4|6|3
1343|674021|10|6|4|5|1|2|7|9|3|8
1344|674022|7|3|2|1|4|8|6|5|9|10
1345|674023|3|9|1|2|8|5|4|7|10|6
1346|674024|1|7|2|10|4|5|8|3|9|6
1347|674025|8|4|3|6|2|10|7|5|9|1
