681	673355	8	2	4	10	1	7	5	3	9	6
686	673356	8	9	3	7	1	6	5	4	2	10
685	673358	3	8	7	4	10	5	1	2	9	6
684	673359	6	7	1	2	3	9	8	10	4	5
683	673360	10	3	5	9	7	2	4	1	6	8
682	673364	10	6	4	1	7	5	8	3	2	9
687	673365	8	3	7	9	10	4	5	1	2	6
688	673366	2	10	7	8	9	1	6	5	4	3
689	673367	9	10	6	5	7	1	8	2	4	3
690	673368	4	7	3	6	5	9	8	10	2	1
691	673369	2	10	9	6	3	1	4	7	5	8
692	673370	1	9	3	6	10	2	7	4	8	5
693	673371	3	5	2	10	7	4	6	8	9	1
694	673372	6	8	4	3	1	10	5	7	9	2
695	673373	10	7	3	2	6	8	1	5	4	9
696	673374	9	5	2	10	7	8	1	6	4	3
697	673375	3	1	5	9	7	8	6	2	4	10
698	673376	2	6	1	7	4	3	8	10	5	9
699	673377	1	10	4	5	3	6	8	2	7	9
700	673378	7	3	8	4	1	9	2	10	6	5
701	673379	2	7	8	6	10	3	5	4	9	1
702	673380	3	5	1	10	6	4	9	2	7	8
703	673381	1	2	4	3	8	10	9	5	6	7
704	673382	2	8	9	6	1	10	3	4	7	5
705	673383	2	1	8	9	4	7	5	10	6	3
706	673384	1	2	6	9	4	3	5	7	10	8
707	673385	1	4	6	9	3	10	8	5	7	2
708	673386	9	2	8	1	4	7	6	5	10	3
709	673387	10	7	1	8	3	5	6	9	2	4
710	673388	6	8	1	2	3	5	4	9	10	7
711	673389	2	7	3	1	9	6	10	8	4	5
712	673390	4	7	5	10	1	8	3	2	9	6
713	673391	6	5	1	9	10	8	3	2	7	4
714	673392	2	10	1	9	8	4	7	5	3	6
715	673393	10	7	8	2	3	1	9	6	5	4
716	673394	7	6	9	2	1	4	10	8	5	3
717	673395	10	3	4	5	6	1	9	2	7	8
718	673396	9	2	7	3	8	6	4	5	1	10
719	673397	5	3	7	9	4	10	2	6	1	8
720	673398	2	6	9	4	1	7	10	3	8	5
721	673399	3	4	8	10	1	9	5	2	7	6
722	673400	9	5	6	3	7	4	8	10	1	2
723	673401	8	2	1	4	6	9	7	5	3	10
724	673402	7	5	3	10	9	2	8	4	1	6
725	673403	4	7	10	3	8	1	2	9	6	5
726	673404	5	8	6	2	9	4	7	3	10	1
727	673405	6	10	5	3	9	4	8	7	2	1
728	673406	5	8	2	10	9	7	1	4	3	6
729	673407	3	5	10	1	2	7	6	4	8	9
730	673408	1	3	8	6	9	4	10	7	5	2
731	673409	6	4	3	8	7	1	5	9	10	2
732	673410	10	6	7	8	5	3	4	1	2	9
733	673411	3	1	4	9	5	7	10	2	8	6
734	673412	4	10	7	2	5	6	9	8	3	1
735	673413	4	2	6	10	8	5	1	7	9	3
736	673414	6	10	9	2	3	1	4	8	5	7
737	673415	8	2	7	10	6	9	1	5	4	3
738	673416	5	6	7	1	4	10	2	8	3	9
739	673417	7	5	9	4	1	8	2	6	10	3
740	673418	2	5	7	9	10	3	6	4	1	8
741	673419	9	6	1	10	8	7	5	2	3	4
742	673420	5	3	8	7	1	2	4	10	9	6
743	673421	3	7	4	9	5	8	6	10	2	1
744	673422	7	3	1	8	2	10	5	9	6	4
745	673423	6	2	7	9	10	3	5	4	8	1
746	673424	9	6	2	8	5	1	10	7	3	4
747	673425	8	9	4	5	10	7	3	6	2	1
748	673426	3	5	8	1	9	6	10	2	4	7
749	673427	4	8	10	1	9	2	6	5	3	7
750	673428	1	4	5	9	6	10	7	2	3	8
751	673429	10	8	9	6	4	1	7	3	2	5
752	673430	10	8	6	5	7	2	9	1	3	4
753	673431	8	6	9	7	2	10	5	3	4	1
754	673432	1	2	10	9	6	4	8	3	7	5
755	673433	5	3	7	10	2	6	4	8	1	9
756	673434	8	4	1	5	9	10	7	3	2	6
757	673435	5	2	6	1	9	3	4	7	10	8
758	673436	7	4	5	10	1	2	8	6	9	3
759	673437	5	2	4	9	7	6	3	8	1	10
760	673438	7	10	8	5	1	6	4	9	2	3
761	673439	7	1	8	4	2	10	9	6	5	3
762	673440	3	5	1	4	9	2	6	10	7	8
763	673441	8	1	5	7	9	3	2	6	4	10
764	673442	7	4	10	6	1	8	5	3	2	9
765	673443	4	5	2	6	9	8	7	1	3	10
766	673444	6	9	7	4	2	1	3	5	8	10
767	673445	1	10	4	3	9	8	6	2	7	5
768	673446	7	6	2	3	9	10	4	1	8	5
769	673447	6	9	1	3	4	8	10	7	2	5
770	673448	9	4	6	2	3	1	10	8	5	7
771	673449	2	6	7	8	9	3	4	5	1	10
772	673450	2	9	10	5	1	3	7	4	8	6
773	673451	6	9	4	7	1	5	3	10	8	2
774	673452	6	8	3	2	5	1	4	7	10	9
775	673453	1	10	3	7	6	9	4	5	2	8
776	673454	10	8	6	3	5	2	7	4	1	9
777	673455	5	7	9	4	6	10	3	8	2	1
778	673456	4	3	6	5	2	10	9	8	7	1
779	673457	9	4	5	2	1	8	3	7	10	6
780	673458	2	4	7	5	9	8	10	1	6	3
781	673459	3	5	8	4	10	7	9	1	2	6
782	673460	7	2	6	10	9	8	5	4	3	1
783	673461	1	5	10	4	8	9	3	7	2	6
784	673462	1	6	9	4	2	3	7	10	5	8
785	673463	4	1	2	8	6	7	3	9	5	10
786	673464	7	1	5	3	8	6	2	4	10	9
787	673465	3	2	7	4	10	5	9	1	6	8
788	673466	5	10	3	8	7	9	6	4	2	1
789	673467	5	8	1	7	10	9	2	6	3	4
790	673468	1	7	9	4	5	3	6	8	10	2
791	673469	5	9	6	2	7	1	8	3	4	10
792	673470	2	4	3	6	10	1	7	9	5	8
793	673471	10	8	1	3	9	2	4	7	6	5
794	673472	8	3	10	6	9	2	5	4	1	7
795	673473	8	3	6	5	4	10	9	1	2	7
796	673474	6	5	2	1	9	10	7	8	4	3
797	673475	4	7	10	9	1	5	3	2	6	8
798	673476	10	9	1	8	2	7	5	3	4	6
799	673477	2	8	7	9	3	6	10	5	4	1
800	673478	1	8	6	3	10	2	9	7	4	5
801	673479	7	10	8	6	4	9	1	5	3	2
